       100,       169
       100,       201
       100,       227
       100,       295
       100,       330
       100,       422
       100,       423
       100,       476
       100,       531
       100,       562
       101,       237
       101,       314
       101,       330
       101,       505
       102,       134
       102,       218
       102,       247
       102,       324
       102,       334
       102,       469
       103,       102
       103,       424
       103,       456
       104,       137
       104,       138
       104,       161
       104,       426
       104,       445
       104,       466
       104,       520
       104,       524
       104,       527
       105,       116
       105,       503
       106,       129
       106,       183
       106,       191
       106,       217
       106,       369
       107,       228
       107,       231
       107,       329
       107,       345
       107,       355
       107,       477
       107,       582
       108,       221
       108,       391
       109,       115
       109,       311
       110,       311
       110,       385
       110,       509
       111,       222
       111,       285
       111,       289
       111,       308
       112,       118
       112,       205
       112,       373
       113,       288
       113,       301
       113,       383
       113,       509
       113,       529
       113,       547
       114,       319
       114,       503
       114,       572
       115,       149
       115,       397
       116,       437
       116,       458
       117,       143
       117,       197
       117,       273
       117,       286
       117,       396
       117,       407
       117,       427
       117,       520
       118,       222
       118,       320
       118,       584
       119,       234
       119,       386
       119,       463
       119,       516
       120,       121
       120,       123
       120,       151
       120,       156
       120,       255
       120,       364
       120,       371
       120,       492
       120,       590
       120,       592
       121,       287
       121,       318
       121,       408
       121,       468
       121,       561
       122,       194
       122,       424
       122,       512
       122,       515
       123,       130
       124,       178
       124,       220
       124,       384
       125,       187
       125,       219
       125,       256
       125,       375
       125,       438
       125,       491
       126,       108
       126,       145
       126,       205
       126,       245
       126,       485
       127,       218
       127,       289
       127,       332
       127,       366
       127,       411
       127,       449
       127,       525
       128,       276
       129,       199
       129,       271
       129,       284
       129,       306
       129,       416
       129,       425
       129,       473
       129,       499
       129,       505
       129,       541
       129,       552
       129,       573
       130,       140
       130,       284
       130,       535
       131,       182
       131,       318
       131,       379
       131,       401
       132,       256
       132,       373
       132,       409
       132,       543
       132,       562
       133,       380
       133,       402
       133,       492
       133,       562
       134,       146
       134,       257
       134,       258
       134,       343
       134,       565
       135,       110
       135,       210
       135,       398
       135,       465
       135,       558
       136,       360
       136,       534
       137,       162
       137,       275
       137,       302
       138,       201
       138,       218
       138,       460
       139,       102
       139,       125
       139,       191
       139,       250
       139,       431
       139,       537
       140,       152
       140,       299
       140,       514
       141,       157
       141,       159
       141,       200
       141,       382
       141,       396
       141,       446
       142,       111
       142,       316
       142,       346
       142,       533
       143,       210
       143,       275
       143,       449
       143,       519
       143,       563
       144,       185
       144,       443
       144,       599
       145,       194
       145,       426
       145,       495
       145,       497
       145,       549
       146,       188
       146,       281
       146,       335
       147,       221
       147,       368
       147,       384
       147,       453
       148,       338
       148,       424
       148,       574
       149,       284
       149,       415
       149,       432
       149,       467
       149,       486
       149,       502
       149,       549
       150,       135
       150,       145
       150,       177
       150,       353
       150,       424
       151,       155
       151,       190
       151,       193
       151,       200
       151,       338
       151,       341
       151,       347
       151,       354
       151,       361
       151,       551
       152,       141
       152,       232
       152,       281
       152,       311
       152,       337
       152,       471
       152,       486
       153,       223
       153,       417
       153,       596
       154,       171
       154,       202
       154,       237
       154,       395
       154,       464
       154,       563
       155,       195
       155,       222
       155,       261
       155,       281
       155,       411
       155,       525
       156,       156
       156,       224
       156,       268
       157,       562
       158,       149
       158,       455
       158,       472
       159,       151
       159,       156
       159,       425
       160,       346
       160,       461
       161,       124
       161,       367
       162,       181
       162,       183
       162,       239
       162,       496
       162,       539
       162,       578
       163,       177
       163,       202
       163,       371
       163,       418
       163,       444
       163,       530
       164,       189
       164,       291
       164,       540
       164,       577
       164,       582
       165,       175
       165,       566
       166,       264
       166,       474
       166,       561
       167,       377
       167,       469
       168,       205
       168,       210
       168,       460
       168,       568
       169,       364
       169,       444
       169,       464
       169,       521
       169,       527
       169,       539
       170,       122
       170,       241
       170,       300
       170,       524
       171,       298
       171,       336
       171,       371
       171,       539
       172,       210
       172,       385
       172,       425
       172,       508
       172,       527
       173,       207
       173,       378
       173,       551
       174,       285
       174,       450
       174,       452
       175,       323
       175,       324
       175,       472
       175,       499
       176,       108
       176,       138
       176,       358
       176,       407
       176,       450
       177,       262
       177,       435
       177,       492
       178,       290
       179,       141
       179,       229
       179,       252
       179,       340
       179,       509
       179,       511
       180,       226
       180,       340
       180,       377
       180,       522
       180,       594
       181,       148
       181,       164
       181,       207
       181,       210
       181,       239
       181,       449
       181,       534
       182,       144
       182,       280
       182,       437
       183,       264
       183,       338
       183,       361
       183,       392
       183,       471
       183,       482
       183,       489
       184,       242
       184,       331
       184,       403
       184,       551
       185,       182
       185,       323
       186,       222
       186,       312
       186,       529
       187,       103
       187,       208
       187,       266
       187,       271
       187,       490
       187,       538
       189,       191
       189,       232
       189,       258
       189,       434
       189,       537
       189,       592
       189,       598
       190,       130
       190,       142
       190,       150
       190,       311
       190,       341
       190,       492
       191,       328
       191,       405
       191,       407
       191,       470
       191,       599
       192,       100
       192,       211
       192,       587
       193,       236
       193,       254
       193,       337
       193,       513
       194,       234
       194,       304
       194,       587
       195,       168
       195,       517
       196,       453
       197,       231
       197,       521
       197,       553
       198,       523
       198,       559
       199,       286
       199,       381
       199,       486
       199,       510
       199,       584
       200,       136
       200,       168
       200,       352
       201,       450
       201,       505
       201,       532
       202,       118
       202,       125
       202,       269
       202,       315
       202,       571
       203,       517
       204,       188
       204,       262
       204,       267
       204,       274
       204,       356
       205,       308
       205,       315
       205,       390
       205,       483
       205,       514
       205,       555
       205,       591
       206,       232
       206,       248
       206,       514
       207,       103
       207,       223
       207,       345
       207,       402
       208,       317
       208,       433
       208,       580
       209,       190
       209,       201
       209,       267
       209,       347
       209,       396
       209,       463
       209,       473
       210,       163
       210,       203
       210,       315
       210,       400
       210,       511
       210,       577
       211,       113
       211,       503
       212,       126
       212,       200
       212,       257
       212,       385
       212,       398
       212,       434
       212,       596
       213,       112
       213,       116
       213,       176
       213,       339
       213,       394
       213,       498
       214,       335
       214,       357
       215,       147
       215,       438
       215,       441
       216,       105
       216,       462
       216,       566
       217,       291
       217,       343
       217,       377
       217,       394
       217,       452
       218,       233
       218,       246
       218,       295
       218,       316
       218,       507
       218,       532
       219,       193
       219,       475
       219,       487
       219,       575
       220,       175
       220,       199
       220,       207
       220,       442
       220,       513
       221,       132
       223,       430
       224,       111
       224,       233
       224,       234
       224,       269
       224,       281
       224,       394
       224,       464
       225,       181
       225,       472
       225,       499
       226,       128
       226,       240
       226,       292
       226,       486
       227,       154
       227,       169
       227,       243
       227,       271
       227,       372
       227,       472
       228,       163
       228,       241
       228,       277
       228,       474
       228,       503
       229,       111
       229,       176
       229,       208
       229,       311
       229,       350
       229,       353
       229,       534
       230,       285
       230,       389
       230,       529
       231,       186
       231,       288
       231,       362
       232,       117
       232,       206
       232,       224
       232,       241
       232,       255
       232,       433
       232,       446
       232,       449
       232,       537
       232,       551
       233,       178
       233,       195
       233,       355
       233,       542
       233,       561
       234,       122
       234,       169
       234,       218
       234,       234
       234,       259
       235,       108
       235,       262
       235,       402
       235,       482
       235,       489
       235,       546
       236,       312
       236,       383
       237,       176
       237,       185
       237,       230
       237,       358
       237,       424
       237,       438
       237,       547
       237,       572
       238,       118
       238,       398
       238,       520
       239,       350
       239,       357
       239,       368
       239,       505
       240,       385
       240,       388
       240,       443
       240,       500
       240,       526
       240,       576
       241,       271
       241,       308
       242,       112
       242,       198
       242,       225
       242,       367
       242,       371
       242,       429
       242,       524
       243,       167
       243,       365
       243,       583
       244,       306
       244,       434
       244,       465
       244,       595
       245,       104
       245,       167
       245,       169
       245,       421
       245,       447
       245,       516
       245,       529
       246,       114
       246,       266
       246,       377
       246,       396
       246,       575
       247,       128
       247,       307
       247,       426
       247,       567
       248,       271
       249,       271
       249,       394
       249,       495
       249,       505
       249,       591
       250,       176
       250,       306
       250,       445
       250,       487
       251,       148
       251,       371
       252,       213
       252,       262
       252,       359
       252,       381
       252,       419
       254,       123
       254,       276
       254,       364
       255,       101
       255,       387
       255,       396
       255,       402
       255,       507
       255,       522
       256,       144
       256,       172
       256,       244
       256,       319
       256,       333
       256,       406
       256,       433
       256,       578
       257,       252
       257,       290
       258,       110
       258,       113
       258,       126
       258,       142
       258,       224
       258,       253
       258,       279
       258,       391
       258,       473
       258,       541
       259,       122
       259,       179
       259,       188
       259,       374
       259,       440
       259,       447
       259,       598
       260,       457
       260,       510
       261,       212
       261,       291
       261,       309
       261,       392
       261,       534
       262,       112
       262,       213
       262,       260
       262,       369
       262,       383
       262,       387
       262,       574
       263,       114
       263,       130
       263,       299
       263,       567
       263,       577
       265,       305
       265,       423
       266,       126
       266,       134
       266,       149
       266,       158
       266,       262
       266,       356
       266,       389
       266,       468
       267,       267
       267,       416
       267,       524
       268,       178
       268,       217
       268,       405
       268,       440
       268,       511
       269,       205
       269,       218
       269,       240
       269,       285
       269,       340
       269,       468
       270,       124
       270,       167
       270,       252
       270,       329
       270,       482
       271,       296
       271,       334
       271,       538
       271,       542
       272,       160
       272,       226
       272,       287
       272,       322
       272,       371
       273,       143
       273,       168
       273,       182
       273,       219
       273,       370
       273,       505
       274,       106
       274,       202
       274,       253
       274,       271
       274,       369
       274,       412
       274,       466
       275,       284
       275,       326
       275,       391
       275,       415
       275,       431
       275,       587
       276,       263
       276,       321
       276,       325
       276,       371
       276,       433
       277,       162
       277,       285
       277,       431
       277,       435
       277,       516
       278,       235
       278,       545
       279,       109
       279,       194
       279,       538
       280,       136
       280,       164
       280,       257
       280,       293
       280,       316
       280,       568
       281,       104
       281,       141
       281,       214
       281,       304
       281,       457
       281,       561
       282,       229
       282,       264
       282,       585
       283,       138
       283,       151
       283,       544
       283,       595
       284,       508
       284,       598
       285,       130
       285,       157
       285,       167
       285,       208
       287,       147
       287,       173
       287,       243
       287,       305
       287,       402
       287,       496
       287,       574
       287,       577
       287,       588
       288,       289
       288,       555
       289,       290
       290,       130
       290,       355
       290,       358
       290,       406
       290,       489
       291,       111
       291,       167
       291,       198
       291,       349
       292,       405
       292,       568
       292,       592
       293,       220
       293,       284
       293,       360
       293,       443
       294,       435
       295,       393
       296,       258
       296,       339
       296,       410
       296,       478
       297,       138
       297,       198
       297,       200
       297,       207
       297,       237
       297,       312
       297,       455
       298,       196
       298,       470
       298,       577
       299,       168
       299,       260
       299,       424
       299,       554
       299,       568
       300,       125
       300,       236
       300,       313
       300,       460
       300,       593
       301,       272
       301,       273
       301,       276
       302,       139
       303,       330
       303,       415
       304,       239
       304,       298
       304,       443
       305,       170
       305,       438
       306,       117
       306,       160
       306,       434
       306,       464
       306,       518
       307,       163
       307,       195
       308,       121
       308,       168
       308,       469
       308,       473
       308,       553
       309,       312
       309,       410
       309,       484
       310,       185
       310,       267
       310,       361
       310,       456
       310,       587
       311,       103
       311,       211
       312,       357
       312,       456
       313,       212
       313,       370
       313,       561
       313,       597
       314,       119
       314,       249
       314,       276
       314,       424
       315,       142
       315,       188
       315,       253
       315,       295
       315,       344
       315,       487
       316,       146
       316,       234
       318,       137
       318,       157
       318,       260
       318,       297
       318,       382
       318,       484
       318,       547
       318,       578
       318,       591
       318,       595
       319,       156
       319,       323
       319,       332
       319,       503
       319,       592
       321,       210
       321,       353
       321,       524
       322,       237
       322,       279
       322,       422
       322,       431
       322,       487
       322,       507
       322,       532
       323,       399
       324,       125
       324,       436
       324,       586
       324,       590
       325,       269
       325,       310
       325,       351
       325,       415
       325,       460
       325,       568
       326,       337
       326,       438
       327,       242
       327,       252
       327,       548
       328,       188
       328,       248
       328,       433
       328,       438
       328,       596
       329,       236
       329,       425
       329,       497
       330,       187
       330,       226
       330,       262
       330,       327
       330,       382
       330,       444
       330,       462
       330,       557
       330,       562
       330,       566
       331,       165
       331,       236
       331,       272
       332,       179
       332,       219
       332,       239
       332,       356
       332,       513
       333,       136
       333,       585
       334,       256
       334,       288
       334,       425
       334,       434
       334,       483
       334,       532
       334,       538
       334,       545
       335,       157
       335,       278
       335,       580
       336,       118
       336,       154
       336,       198
       336,       566
       337,       201
       337,       273
       337,       311
       337,       410
       337,       436
       338,       149
       338,       301
       338,       372
       339,       249
       339,       294
       340,       178
       340,       508
       340,       584
       341,       163
       341,       226
       341,       345
       341,       485
       341,       508
       342,       155
       342,       156
       342,       306
       342,       437
       343,       121
       343,       213
       343,       238
       343,       326
       343,       462
       344,       168
       344,       173
       344,       463
       345,       266
       345,       296
       345,       329
       345,       598
       346,       225
       346,       381
       346,       566
       346,       589
       347,       136
       347,       298
       347,       363
       347,       440
       347,       501
       348,       110
       348,       173
       348,       196
       348,       227
       348,       241
       348,       328
       348,       382
       348,       390
       348,       457
       348,       463
       349,       118
